1.5
2.7
1.1500000000000001
3.5
1.0499999999999998
1.0
2.0
3.0
1.0
1.5499999999999998
3.6
3.0
2.0
2.3
2.0
3.2
2.5
4.5
2.6
1.2
4.0
2.2
2.0
3.2
2.7
3.4
4.8
2.0
1.65
1.8
2.5
1.0
2.4
1.0
2.1
1.4
0.6000000000000001
3.8
3.0
1.5
3.5
2.9
4.1
3.2
2.6
1.0
2.5
2.5
3.9
1.15
4.0
3.2
1.7
1.5
4.4
3.3
2.5
3.5
1.0
2.3
3.0
0.6
1.15
3.5
3.5
3.0
1.7
1.8
2.5
1.2
1.2
2.8
3.5
3.0
4.3
4.0
1.6
1.2
3.1
3.5
1.3
3.5
1.1
3.3333333333333335
2.4
1.7
3.0
3.9
3.2
2.5
3.5
1.0
3.0
4.0
3.2
2.4
3.0
2.8
3.2
2.2
3.0
2.8
1.3
4.3
3.2
3.0
2.0
1.2
1.5
2.5
3.4
5.0
0.95
2.5
1.7000000000000002
2.0
2.8
4.0
3.4
1.0
1.8
2.5
4.2
1.85
2.3
1.2
3.8
3.25
2.9
2.7
3.8
1.6
1.0
3.5
1.8
2.45
4.5
1.8
2.3
2.35
3.0
1.3
2.6
1.8
1.2
2.8
1.8
1.7
1.7
1.95
2.5
4.6
3.4
2.8
1.9
2.0
2.5
1.2
2.0
2.0
3.8
2.1999999999999997
2.1666666666666665
3.75
3.0
3.1999999999999997
5.0
2.0
2.1
4.25
3.55
2.0
3.0
3.7
2.2
2.65
2.0
3.7
2.75
3.8
1.9
